<?xml version="1.0"?>
<opencv_storage>
<calibration_time>"2019年07月15日 星期一 20时20分16秒"</calibration_time>
<Angle>3.1041849918168798e+00</Angle>
<AxisX>-9.9983874490002556e-01</AxisX>
<AxisY>-1.7758349393511990e-02</AxisY>
<AxisZ>2.6693114392238523e-03</AxisZ>
<TranslationX>8.1227578222751646e+01</TranslationX>
<TranslationY>-3.3453518152236944e+02</TranslationY>
<TranslationZ>9.5033288002014183e+02</TranslationZ>
</opencv_storage>
